7 0.532959 0.334010 0.017113 0.032498
7 0.588860 0.242200 0.016062 0.029590
7 0.591136 0.699094 0.037159 0.050517
0 0.573575 0.191192 0.037306 0.127461
3 0.561043 0.355441 0.085686 0.352331
3 0.483460 0.386946 0.076473 0.357714
3 0.493021 0.243840 0.051522 0.177605
2 0.125615 0.371503 0.050712 0.148187
2 0.246802 0.258967 0.046163 0.153569
2 0.279275 0.278872 0.050712 0.148187
2 0.347239 0.168092 0.028319 0.065889
7 0.111585 0.351224 0.009990 0.020868
7 0.227413 0.247813 0.013374 0.027921
5 0.220337 0.833679 0.030311 0.052850
5 0.324619 0.536687 0.026927 0.041652
5 0.832796 0.748921 0.026927 0.041652
5 0.748276 0.483636 0.017827 0.033765
5 0.369333 0.372654 0.019106 0.025676
5 0.662419 0.253282 0.019106 0.025676
5 0.404485 0.282297 0.016418 0.026079
7 0.586594 0.193092 0.013374 0.027921
6 0.635946 0.686010 0.067617 0.068394
3 0.594212 0.718552 0.156914 0.544243
